- IN

```
$cat test-on-head.tsv
更新日	原価	商品コード	売値	商品名
20140724	639	68435	168	ZxdXZInepm
20140116	997	41360	510	JifBbrIXJP
20140220	539	52529	640	cHrlaTAQVs
20140208	692	08503	545	OlRPjCzqXp
20140327	727	18132	393	VjOfYukvFU
20141229	943	47231	728	EhqWwkvhCs
20140102	858	78144	799	aNwwNfBzPH
20140319	568	32927	665	nIpREeCeFV
20140928	085	17638	373	vNLLyysPcw
20140729	518	12457	011	FHdjXBvAvN
```

- CMD

```
$datamash reverse <test-on-head.tsv
```

- OUT

```
商品名	売値	商品コード	原価	更新日
ZxdXZInepm	168	68435	639	20140724
JifBbrIXJP	510	41360	997	20140116
cHrlaTAQVs	640	52529	539	20140220
OlRPjCzqXp	545	08503	692	20140208
VjOfYukvFU	393	18132	727	20140327
EhqWwkvhCs	728	47231	943	20141229
aNwwNfBzPH	799	78144	858	20140102
nIpREeCeFV	665	32927	568	20140319
vNLLyysPcw	373	17638	085	20140928
FHdjXBvAvN	011	12457	518	20140729
```
