- CMD

```
$ k=15;s=0;e=15;seq -s' ' -f "%02g" $s $e|sed 's/^/A1 /'|ag $k;paste -d' ' <(seq -f "%02g" $s $e;) <(for((i=$s;i<=$e;i++));do for((j=$s;j<=$e;j++));do echo $i $j;done;done|opy 'print(str(F1|F2).zfill(2))'|xargs -n$[e+1]) | ag $k
```

- OUT

```
A1 00 01 02 03 04 05 06 07 08 09 10 11 12 13 14 15
00 00 01 02 03 04 05 06 07 08 09 10 11 12 13 14 15
01 01 01 03 03 05 05 07 07 09 09 11 11 13 13 15 15
02 02 03 02 03 06 07 06 07 10 11 10 11 14 15 14 15
03 03 03 03 03 07 07 07 07 11 11 11 11 15 15 15 15
04 04 05 06 07 04 05 06 07 12 13 14 15 12 13 14 15
05 05 05 07 07 05 05 07 07 13 13 15 15 13 13 15 15
06 06 07 06 07 06 07 06 07 14 15 14 15 14 15 14 15
07 07 07 07 07 07 07 07 07 15 15 15 15 15 15 15 15
08 08 09 10 11 12 13 14 15 08 09 10 11 12 13 14 15
09 09 09 11 11 13 13 15 15 09 09 11 11 13 13 15 15
10 10 11 10 11 14 15 14 15 10 11 10 11 14 15 14 15
11 11 11 11 11 15 15 15 15 11 11 11 11 15 15 15 15
12 12 13 14 15 12 13 14 15 12 13 14 15 12 13 14 15
13 13 13 15 15 13 13 15 15 13 13 15 15 13 13 15 15
14 14 15 14 15 14 15 14 15 14 15 14 15 14 15 14 15
15 15 15 15 15 15 15 15 15 15 15 15 15 15 15 15 15
```
