- IN

- CMD

```
> sm<-apply(tgt,1,sum)
> sm
 [1] 460 470 480 490 500 510 520 530 540 550
> data.frame(tgt,sm)
   X1 X2 X3 X4 X5 X6 X7 X8 X9 X10  sm
1   1 11 21 31 41 51 61 71 81  91 460
2   2 12 22 32 42 52 62 72 82  92 470
3   3 13 23 33 43 53 63 73 83  93 480
4   4 14 24 34 44 54 64 74 84  94 490
5   5 15 25 35 45 55 65 75 85  95 500
6   6 16 26 36 46 56 66 76 86  96 510
7   7 17 27 37 47 57 67 77 87  97 520
8   8 18 28 38 48 58 68 78 88  98 530
9   9 19 29 39 49 59 69 79 89  99 540
10 10 20 30 40 50 60 70 80 90 100 550
> yoko<-apply(tgt,2,sum);
> yoko
 X1  X2  X3  X4  X5  X6  X7  X8  X9 X10
 55 155 255 355 455 555 655 755 855 955
> c(yoko,sum(yoko))
  X1   X2   X3   X4   X5   X6   X7   X8   X9  X10
  55  155  255  355  455  555  655  755  855  955 5050
> rbind(data.frame(tgt,sm),c(yoko,sum(yoko)))
   X1  X2  X3  X4  X5  X6  X7  X8  X9 X10   sm
1   1  11  21  31  41  51  61  71  81  91  460
2   2  12  22  32  42  52  62  72  82  92  470
3   3  13  23  33  43  53  63  73  83  93  480
4   4  14  24  34  44  54  64  74  84  94  490
5   5  15  25  35  45  55  65  75  85  95  500
6   6  16  26  36  46  56  66  76  86  96  510
7   7  17  27  37  47  57  67  77  87  97  520
8   8  18  28  38  48  58  68  78  88  98  530
9   9  19  29  39  49  59  69  79  89  99  540
10 10  20  30  40  50  60  70  80  90 100  550
11 55 155 255 355 455 555 655 755 855 955 5050
>
```
